INFO: 2023-02-14 07:46:01,903: Data
INFO: 2023-02-14 07:46:04,838: Data shape (110527, 14)
INFO: 2023-02-14 07:46:30,923: Percentage of men: 0.346117657601147
INFO: 2023-02-14 07:46:47,066: Percentage of women: 0.653882342398853
INFO: 2023-02-14 07:46:48,012: Percentage of men: 0.346117657601147
ERROR: 2023-02-14 07:47:02,222: Data shape is incorrect!
